CS9-1a
    0.0   0.0   0.0   0.0   0.0   1.0
TT 450 099.6 -18.5 099.6 -18.5 9.82E-06 001.0 099.6 -18.5 0.000016 0.000092 0.000031 OPRM 8-Jun 2021 09:41 
TT 450 099.4 -19.3 099.4 -19.3 9.57E-06 001.0 099.4 -19.3 0.000015 0.000089 0.000032 OPRM 8-Jun 2021 09:43 
TT 450 097.8 -19.7 097.8 -19.7 9.31E-06 001.0 097.8 -19.7 0.000012 0.000087 0.000031 OPRM 8-Jun 2021 09:45 
TT 475 095.6 -19.1 095.6 -19.1 8.06E-06 001.0 095.6 -19.1 0.000007 0.000076 0.000026 OPRM 8-Jun 2021 15:18 
TT 475 087.3 -15.1 087.3 -15.1 8.61E-06 001.0 087.3 -15.1 0.000004 0.000083 0.000023 OPRM 8-Jun 2021 16:10 
TT 475 091.4 -20.2 091.4 -20.2 8.48E-06 001.0 091.4 -20.2 0.000002 0.000080 0.000029 OPRM 8-Jun 2021 16:11 
TT 500 098.4 -09.5 098.4 -09.5 7.49E-06 001.0 098.4 -09.5 0.000011 0.000073 0.000012 OPRM 9-Jun 2021 11:30 
TT 500 096.0 -21.5 096.0 -21.5 7.82E-06 001.0 096.0 -21.5 0.000008 0.000072 0.000029 OPRM 9-Jun 2021 11:32 
TT 500 095.9 -21.1 095.9 -21.1 8.15E-06 001.0 095.9 -21.1 0.000008 0.000076 0.000029 OPRM 9-Jun 2021 11:34 
TT 515 076.8 -05.6 076.8 -05.6 6.72E-06 001.0 076.8 -05.6 0.000015 0.000065 0.000007 OPRM 10-Jun 2021 10:27 
TT 515 079.2 -16.9 079.2 -16.9 6.55E-06 001.0 079.2 -16.9 0.000012 0.000062 0.000019 OPRM 10-Jun 2021 10:29 
TT 515 080.8 -20.6 080.8 -20.6 6.68E-06 001.0 080.8 -20.6 0.000010 0.000062 0.000023 OPRM 10-Jun 2021 10:31 
TT 530 099.1 -16.7 099.1 -16.7 7.57E-06 001.0 099.1 -16.7 0.000012 0.000072 0.000022 OPRM 14-Jun 2021 09:51 
TT 530 090.6 -15.7 090.6 -15.7 7.71E-06 001.0 090.6 -15.7 0.000001 0.000074 0.000021 OPRM 14-Jun 2021 09:54 
TT 530 091.0 -13.1 091.0 -13.1 7.48E-06 001.0 091.0 -13.1 0.000001 0.000073 0.000017 OPRM 14-Jun 2021 09:57 
TT 540 072.3  30.9 072.3  30.9 7.55E-06 001.0 072.3  30.9 0.000020 0.000062 0.000039 OPRM 15-Jun 2021 10:39 
TT 540 068.7  08.5 068.7  08.5 5.66E-06 001.0 068.7  08.5 0.000020 0.000052 0.000008 OPRM 15-Jun 2021 10:41 
TT 540 065.2 -19.4 065.2 -19.4 5.51E-06 001.0 065.2 -19.4 0.000022 0.000047 0.000018 OPRM 15-Jun 2021 10:44 
TT 540 068.3 -24.3 068.3 -24.3 5.49E-06 001.0 068.3 -24.3 0.000019 0.000047 0.000023 OPRM 15-Jun 2021 10:46 
TT 550 117.6  33.0 117.6  33.0 4.76E-06 001.0 117.6  33.0 0.000019 0.000035 0.000026 OPRM 16-Jun 2021 12:12 
TT 550 098.8  00.3 098.8  00.3 2.77E-06 001.0 098.8  00.3 0.000004 0.000027 0.000000 OPRM 16-Jun 2021 12:13 
TT 550 094.3 -12.8 094.3 -12.8 2.90E-06 001.0 094.3 -12.8 0.000002 0.000028 0.000006 OPRM 16-Jun 2021 12:15 
TT 560 041.4  01.6 041.4  01.6 1.57E-06 001.0 041.4  01.6 0.000012 0.000010 0.000000 OPRM 17-Jun 2021 10:14 
TT 560 009.8 -64.7 009.8 -64.7 3.77E-06 001.0 009.8 -64.7 0.000016 0.000003 0.000034 OPRM 17-Jun 2021 10:17 
TT 560 002.9 -70.2 002.9 -70.2 4.49E-06 001.0 002.9 -70.2 0.000015 0.000001 0.000042 OPRM 17-Jun 2021 10:20 
TT 565 350.4 -26.2 350.4 -26.2 3.64E-06 001.0 350.4 -26.2 0.000032 0.000005 0.000016 OPRM 18-Jun 2021 09:41 
TT 565 335.2 -44.7 335.2 -44.7 4.53E-06 001.0 335.2 -44.7 0.000029 0.000013 0.000032 OPRM 18-Jun 2021 09:42 
TT 565 328.6 -42.4 328.6 -42.4 4.24E-06 001.0 328.6 -42.4 0.000027 0.000016 0.000029 OPRM 18-Jun 2021 09:43 
TT 568 285.7  00.2 285.7  00.2 3.53E-06 001.0 285.7  00.2 0.000010 0.000034 0.000000 OPRM 21-Jun 2021 10:47 
TT 568 288.2 -11.9 288.2 -11.9 3.76E-06 001.0 288.2 -11.9 0.000012 0.000035 0.000008 OPRM 21-Jun 2021 10:48 
TT 568 278.1 -27.6 278.1 -27.6 4.58E-06 001.0 278.1 -27.6 0.000006 0.000040 0.000021 OPRM 21-Jun 2021 10:50 
TT 574 199.9  17.5 199.9  17.5 7.90E-06 001.0 199.9  17.5 0.000071 0.000026 0.000024 OPRM 8-Jul 2021 14:18 
TT 574 202.3  02.1 202.3  02.1 7.70E-06 001.0 202.3  02.1 0.000071 0.000029 0.000003 OPRM 8-Jul 2021 14:19 
TT 574 158.2  44.3 158.2  44.3 8.75E-06 001.0 158.2  44.3 0.000058 0.000023 0.000061 OPRM 8-Jul 2021 15:09 
