CS1-1a
    0.0   0.0   0.0   0.0   0.0   1.0
TT 100 214.8  00.7 214.8  00.7 6.21E-04 001.0 214.8  00.7 0.005100 0.003550 0.000076 OPRM 9-Jul 2021 17:33 
TT 100 212.0  01.2 212.0  01.2 6.07E-04 001.0 212.0  01.2 0.005150 0.003220 0.000126 OPRM 9-Jul 2021 17:34 
TT 100 211.3  00.2 211.3  00.2 6.12E-04 001.0 211.3  00.2 0.005220 0.003180 0.000021 OPRM 9-Jul 2021 17:39 
TT 150 214.2 -00.8 214.2 -00.8 5.87E-04 001.0 214.2 -00.8 0.004850 0.003300 0.000085 OPRM 19-Jul 2021 16:19 
TT 150 212.3  00.1 212.3  00.1 5.71E-04 001.0 212.3  00.1 0.004830 0.003050 0.000012 OPRM 19-Jul 2021 16:20 
TT 150 215.0 -00.1 215.0 -00.1 5.64E-04 001.0 215.0 -00.1 0.004620 0.003230 0.000012 OPRM 19-Jul 2021 16:22 
TT 200 214.2 -02.3 214.2 -02.3 4.97E-04 001.0 214.2 -02.3 0.004100 0.002790 0.000197 OPRM 19-Jul 2021 18:26 
TT 200 213.4 -03.1 213.4 -03.1 5.13E-04 001.0 213.4 -03.1 0.004280 0.002820 0.000275 OPRM 19-Jul 2021 18:27 
TT 200 210.3 -03.3 210.3 -03.3 5.03E-04 001.0 210.3 -03.3 0.004340 0.002540 0.000289 OPRM 19-Jul 2021 18:29 
TT 250 213.0 -03.4 213.0 -03.4 4.68E-04 001.0 213.0 -03.4 0.003920 0.002550 0.000280 OPRM 20-Jul 2021 16:27 
TT 250 211.7 -03.4 211.7 -03.4 4.57E-04 001.0 211.7 -03.4 0.003880 0.002400 0.000270 OPRM 20-Jul 2021 16:29 
TT 250 211.5 -03.7 211.5 -03.7 4.51E-04 001.0 211.5 -03.7 0.003840 0.002350 0.000288 OPRM 20-Jul 2021 16:35 
TT 300 213.2 -06.8 213.2 -06.8 3.89E-04 001.0 213.2 -06.8 0.003230 0.002110 0.000459 OPRM 21-Jul 2021 08:52 
TT 300 212.2 -06.5 212.2 -06.5 3.91E-04 001.0 212.2 -06.5 0.003290 0.002070 0.000443 OPRM 21-Jul 2021 08:54 
TT 300 213.2 -04.4 213.2 -04.4 3.92E-04 001.0 213.2 -04.4 0.003270 0.002140 0.000299 OPRM 21-Jul 2021 08:55 
TT 350 209.5 -10.0 209.5 -10.0 2.66E-04 001.0 209.5 -10.0 0.002280 0.001290 0.000460 OPRM 22-Jul 2021 11:53 
TT 350 210.1 -10.1 210.1 -10.1 2.55E-04 001.0 210.1 -10.1 0.002170 0.001260 0.000445 OPRM 22-Jul 2021 11:56 
TT 350 207.5 -10.4 207.5 -10.4 2.63E-04 001.0 207.5 -10.4 0.002290 0.001190 0.000475 OPRM 22-Jul 2021 11:58 
TT 375 207.7 -12.5 207.7 -12.5 2.38E-04 001.0 207.7 -12.5 0.002060 0.001080 0.000514 OPRM 23-Jul 2021 14:15 
TT 375 210.2 -14.0 210.2 -14.0 2.68E-04 001.0 210.2 -14.0 0.002250 0.001310 0.000650 OPRM 23-Jul 2021 14:16 
TT 375 208.1 -12.3 208.1 -12.3 2.37E-04 001.0 208.1 -12.3 0.002040 0.001090 0.000505 OPRM 23-Jul 2021 14:18 
TT 400 206.6 -14.4 206.6 -14.4 2.35E-04 001.0 206.6 -14.4 0.002040 0.001020 0.000586 OPRM 24-Jul 2021 13:46 
TT 400 208.1 -14.7 208.1 -14.7 2.31E-04 001.0 208.1 -14.7 0.001970 0.001050 0.000587 OPRM 24-Jul 2021 13:47 
TT 400 205.6 -14.0 205.6 -14.0 2.25E-04 001.0 205.6 -14.0 0.001970 0.000942 0.000545 OPRM 24-Jul 2021 13:48 
TT 425 206.8 -15.0 206.8 -15.0 2.09E-04 001.0 206.8 -15.0 0.001800 0.000908 0.000540 OPRM 25-Jul 2021 10:07 
TT 425 207.9 -15.5 207.9 -15.5 2.09E-04 001.0 207.9 -15.5 0.001780 0.000944 0.000560 OPRM 25-Jul 2021 10:09 
TT 425 206.4 -14.5 206.4 -14.5 2.08E-04 001.0 206.4 -14.5 0.001800 0.000894 0.000518 OPRM 25-Jul 2021 10:10 
TT 450 205.0 -15.2 205.0 -15.2 1.91E-04 001.0 205.0 -15.2 0.001670 0.000780 0.000502 OPRM 26-Jul 2021 18:12 
TT 450 205.6 -15.4 205.6 -15.4 2.01E-04 001.0 205.6 -15.4 0.001750 0.000839 0.000534 OPRM 26-Jul 2021 18:14 
TT 450 206.0 -16.4 206.0 -16.4 1.88E-04 001.0 206.0 -16.4 0.001620 0.000790 0.000529 OPRM 26-Jul 2021 18:15 
TT 475 208.6 -14.9 208.6 -14.9 1.80E-04 001.0 208.6 -14.9 0.001530 0.000834 0.000463 OPRM 3-Aug 2021 08:39 
TT 475 206.8 -15.9 206.8 -15.9 1.79E-04 001.0 206.8 -15.9 0.001540 0.000777 0.000490 OPRM 3-Aug 2021 08:40 
TT 475 205.6 -15.7 205.6 -15.7 1.82E-04 001.0 205.6 -15.7 0.001580 0.000758 0.000493 OPRM 3-Aug 2021 08:41 
TT 500 205.2 -15.9 205.2 -15.9 1.75E-04 001.0 205.2 -15.9 0.001520 0.000715 0.000477 OPRM 3-Aug 2021 13:31 
TT 500 204.0 -15.6 204.0 -15.6 1.76E-04 001.0 204.0 -15.6 0.001550 0.000691 0.000474 OPRM 3-Aug 2021 13:32 
TT 500 205.1 -16.4 205.1 -16.4 1.79E-04 001.0 205.1 -16.4 0.001560 0.000731 0.000506 OPRM 3-Aug 2021 13:34 
TT 515 205.5 -16.3 205.5 -16.3 1.78E-04 001.0 205.5 -16.3 0.001540 0.000733 0.000500 OPRM 6-Aug 2021 10:11 
TT 515 203.4 -15.4 203.4 -15.4 1.72E-04 001.0 203.4 -15.4 0.001520 0.000658 0.000457 OPRM 6-Aug 2021 10:13 
TT 515 204.4 -14.5 204.4 -14.5 1.69E-04 001.0 204.4 -14.5 0.001490 0.000675 0.000424 OPRM 6-Aug 2021 10:16 
TT 530 203.6 -16.5 203.6 -16.5 1.66E-04 001.0 203.6 -16.5 0.001460 0.000639 0.000473 OPRM 6-Aug 2021 12:40 
TT 530 202.2 -16.2 202.2 -16.2 1.65E-04 001.0 202.2 -16.2 0.001470 0.000600 0.000461 OPRM 6-Aug 2021 12:42 
TT 530 202.8 -15.0 202.8 -15.0 1.65E-04 001.0 202.8 -15.0 0.001470 0.000619 0.000428 OPRM 6-Aug 2021 12:43 
TT 540 199.6 -16.5 199.6 -16.5 1.56E-04 001.0 199.6 -16.5 0.001410 0.000502 0.000443 OPRM 9-Aug 2021 13:18 
TT 540 199.6 -15.7 199.6 -15.7 1.55E-04 001.0 199.6 -15.7 0.001410 0.000501 0.000420 OPRM 9-Aug 2021 13:22 
TT 540 200.3 -16.1 200.3 -16.1 1.59E-04 001.0 200.3 -16.1 0.001430 0.000529 0.000439 OPRM 9-Aug 2021 13:23 
TT 550 202.7 -15.6 202.7 -15.6 1.56E-04 001.0 202.7 -15.6 0.001380 0.000577 0.000419 OPRM 11-Aug 2021 10:27 
TT 550 204.6 -15.6 204.6 -15.6 1.55E-04 001.0 204.6 -15.6 0.001360 0.000623 0.000417 OPRM 11-Aug 2021 10:29 
TT 550 202.5 -16.2 202.5 -16.2 1.55E-04 001.0 202.5 -16.2 0.001370 0.000568 0.000432 OPRM 11-Aug 2021 10:30 
TT 560 200.1 -15.9 200.1 -15.9 1.45E-04 001.0 200.1 -15.9 0.001310 0.000479 0.000397 OPRM 12-Aug 2021 09:23 
TT 560 199.6 -18.3 199.6 -18.3 1.38E-04 001.0 199.6 -18.3 0.001240 0.000441 0.000436 OPRM 12-Aug 2021 09:27 
TT 560 197.6 -17.6 197.6 -17.6 1.42E-04 001.0 197.6 -17.6 0.001290 0.000409 0.000429 OPRM 12-Aug 2021 09:28 
TT 566 210.8 -15.6 210.8 -15.6 1.23E-04 001.0 210.8 -15.6 0.001020 0.000608 0.000331 OPRM 12-Aug 2021 16:30 
TT 566 198.6 -15.3 198.6 -15.3 1.48E-04 001.0 198.6 -15.3 0.001350 0.000454 0.000389 OPRM 12-Aug 2021 16:32 
TT 566 202.6 -16.8 202.6 -16.8 1.47E-04 001.0 202.6 -16.8 0.001300 0.000540 0.000425 OPRM 12-Aug 2021 16:33 
TT 570 198.9 -16.0 198.9 -16.0 1.22E-04 001.0 198.9 -16.0 0.001110 0.000381 0.000336 OPRM 13-Aug 2021 10:34 
TT 570 199.6 -16.5 199.6 -16.5 1.24E-04 001.0 199.6 -16.5 0.001120 0.000398 0.000353 OPRM 13-Aug 2021 10:36 
TT 570 200.0 -17.0 200.0 -17.0 1.23E-04 001.0 200.0 -17.0 0.001100 0.000401 0.000357 OPRM 13-Aug 2021 10:38 
