CS2-1a
    0.0   0.0   0.0   0.0   0.0   1.0
TT 100 151.6 -19.2 151.6 -19.2 1.79E-04 001.0 151.6 -19.2 0.001490 0.000805 0.000591 OPRM 9-Jul 2021 17:42 
TT 100 152.0 -19.0 152.0 -19.0 1.81E-04 001.0 152.0 -19.0 0.001510 0.000802 0.000589 OPRM 9-Jul 2021 17:46 
TT 100 149.8 -19.2 149.8 -19.2 1.79E-04 001.0 149.8 -19.2 0.001460 0.000850 0.000588 OPRM 9-Jul 2021 17:47 
TT 150 144.1 -15.0 144.1 -15.0 1.43E-04 001.0 144.1 -15.0 0.001120 0.000811 0.000371 OPRM 19-Jul 2021 16:23 
TT 150 147.7 -15.6 147.7 -15.6 1.40E-04 001.0 147.7 -15.6 0.001140 0.000720 0.000377 OPRM 19-Jul 2021 16:24 
TT 150 146.0 -15.6 146.0 -15.6 1.41E-04 001.0 146.0 -15.6 0.001120 0.000756 0.000378 OPRM 19-Jul 2021 16:25 
TT 200 143.2 -12.3 143.2 -12.3 1.33E-04 001.0 143.2 -12.3 0.001040 0.000777 0.000283 OPRM 19-Jul 2021 18:31 
TT 200 144.6 -13.4 144.6 -13.4 1.25E-04 001.0 144.6 -13.4 0.000992 0.000706 0.000291 OPRM 19-Jul 2021 18:32 
TT 200 142.6 -13.5 142.6 -13.5 1.26E-04 001.0 142.6 -13.5 0.000973 0.000743 0.000293 OPRM 19-Jul 2021 18:33 
TT 250 141.7 -13.4 141.7 -13.4 1.19E-04 001.0 141.7 -13.4 0.000909 0.000718 0.000276 OPRM 20-Jul 2021 16:37 
TT 250 131.6 -15.8 131.6 -15.8 9.90E-05 001.0 131.6 -15.8 0.000633 0.000712 0.000269 OPRM 20-Jul 2021 16:40 
TT 250 143.4 -13.6 143.4 -13.6 1.18E-04 001.0 143.4 -13.6 0.000924 0.000686 0.000279 OPRM 20-Jul 2021 16:42 
TT 300 145.7 -14.2 145.7 -14.2 1.10E-04 001.0 145.7 -14.2 0.000880 0.000600 0.000270 OPRM 21-Jul 2021 08:57 
TT 300 143.7 -13.6 143.7 -13.6 1.14E-04 001.0 143.7 -13.6 0.000890 0.000653 0.000268 OPRM 21-Jul 2021 08:58 
TT 300 146.1 -15.2 146.1 -15.2 1.19E-04 001.0 146.1 -15.2 0.000951 0.000639 0.000311 OPRM 21-Jul 2021 09:00 
TT 350 145.8 -15.2 145.8 -15.2 1.02E-04 001.0 145.8 -15.2 0.000814 0.000554 0.000267 OPRM 22-Jul 2021 12:00 
TT 350 147.5 -14.5 147.5 -14.5 1.03E-04 001.0 147.5 -14.5 0.000839 0.000535 0.000257 OPRM 22-Jul 2021 12:01 
TT 350 146.5 -14.0 146.5 -14.0 1.04E-04 001.0 146.5 -14.0 0.000838 0.000554 0.000250 OPRM 22-Jul 2021 12:03 
TT 375 151.0 -13.5 151.0 -13.5 9.58E-05 001.0 151.0 -13.5 0.000814 0.000452 0.000223 OPRM 23-Jul 2021 14:19 
TT 375 148.6 -12.3 148.6 -12.3 9.40E-05 001.0 148.6 -12.3 0.000784 0.000479 0.000201 OPRM 23-Jul 2021 14:21 
TT 375 148.2 -12.7 148.2 -12.7 1.01E-04 001.0 148.2 -12.7 0.000840 0.000521 0.000223 OPRM 23-Jul 2021 14:22 
TT 400 150.0 -13.2 150.0 -13.2 8.39E-05 001.0 150.0 -13.2 0.000707 0.000409 0.000192 OPRM 24-Jul 2021 13:42 
TT 400 137.5 -15.0 137.5 -15.0 6.93E-05 001.0 137.5 -15.0 0.000494 0.000452 0.000179 OPRM 24-Jul 2021 13:44 
TT 400 149.9 -14.6 149.9 -14.6 8.38E-05 001.0 149.9 -14.6 0.000702 0.000407 0.000211 OPRM 24-Jul 2021 13:45 
TT 425 142.4 -14.3 142.4 -14.3 6.93E-05 001.0 142.4 -14.3 0.000532 0.000409 0.000171 OPRM 25-Jul 2021 10:04 
TT 425 147.3 -14.8 147.3 -14.8 8.51E-05 001.0 147.3 -14.8 0.000692 0.000444 0.000218 OPRM 25-Jul 2021 10:05 
TT 425 147.4 -14.7 147.4 -14.7 8.53E-05 001.0 147.4 -14.7 0.000695 0.000445 0.000217 OPRM 25-Jul 2021 10:06 
TT 450 152.2 -14.0 152.2 -14.0 7.83E-05 001.0 152.2 -14.0 0.000672 0.000355 0.000189 OPRM 26-Jul 2021 18:18 
TT 450 149.9 -14.6 149.9 -14.6 7.87E-05 001.0 149.9 -14.6 0.000659 0.000382 0.000198 OPRM 26-Jul 2021 18:19 
TT 450 152.0 -14.8 152.0 -14.8 8.53E-05 001.0 152.0 -14.8 0.000728 0.000387 0.000218 OPRM 26-Jul 2021 18:20 
TT 475 150.4 -14.5 150.4 -14.5 7.69E-05 001.0 150.4 -14.5 0.000647 0.000368 0.000192 OPRM 3-Aug 2021 08:43 
TT 475 148.5 -14.8 148.5 -14.8 7.62E-05 001.0 148.5 -14.8 0.000628 0.000385 0.000195 OPRM 3-Aug 2021 08:44 
TT 475 149.6 -14.4 149.6 -14.4 7.60E-05 001.0 149.6 -14.4 0.000635 0.000373 0.000189 OPRM 3-Aug 2021 08:45 
TT 500 156.9 -14.9 156.9 -14.9 7.48E-05 001.0 156.9 -14.9 0.000665 0.000284 0.000193 OPRM 3-Aug 2021 13:35 
TT 500 147.5 -18.0 147.5 -18.0 6.14E-05 001.0 147.5 -18.0 0.000492 0.000314 0.000190 OPRM 3-Aug 2021 13:55 
TT 500 152.9 -16.3 152.9 -16.3 7.47E-05 001.0 152.9 -16.3 0.000638 0.000327 0.000209 OPRM 3-Aug 2021 13:57 
TT 515 161.2 -17.1 161.2 -17.1 6.09E-05 001.0 161.2 -17.1 0.000551 0.000188 0.000179 OPRM 6-Aug 2021 10:18 
TT 515 160.4 -17.2 160.4 -17.2 6.04E-05 001.0 160.4 -17.2 0.000544 0.000194 0.000179 OPRM 6-Aug 2021 10:19 
TT 515 159.1 -16.9 159.1 -16.9 6.24E-05 001.0 159.1 -16.9 0.000558 0.000213 0.000182 OPRM 6-Aug 2021 10:20 
TT 530 159.1 -11.9 159.1 -11.9 7.17E-05 001.0 159.1 -11.9 0.000656 0.000250 0.000148 OPRM 6-Aug 2021 12:45 
TT 530 157.7 -12.3 157.7 -12.3 6.70E-05 001.0 157.7 -12.3 0.000606 0.000249 0.000143 OPRM 6-Aug 2021 12:46 
TT 530 158.1 -12.8 158.1 -12.8 7.15E-05 001.0 158.1 -12.8 0.000647 0.000260 0.000158 OPRM 6-Aug 2021 12:47 
TT 540 154.0 -00.7 154.0 -00.7 5.95E-05 001.0 154.0 -00.7 0.000535 0.000261 0.000007 OPRM 10-Aug 2021 11:57 
TT 540 159.6 -03.9 159.6 -03.9 7.48E-05 001.0 159.6 -03.9 0.000700 0.000260 0.000051 OPRM 10-Aug 2021 11:59 
TT 540 160.6 -04.3 160.6 -04.3 7.34E-05 001.0 160.6 -04.3 0.000690 0.000243 0.000055 OPRM 10-Aug 2021 12:00 
TT 550 195.9 -17.3 195.9 -17.3 3.91E-05 001.0 195.9 -17.3 0.000359 0.000102 0.000116 OPRM 11-Aug 2021 10:33 
TT 550 203.2 -17.8 203.2 -17.8 4.00E-05 001.0 203.2 -17.8 0.000350 0.000150 0.000122 OPRM 11-Aug 2021 10:34 
TT 550 202.6 -17.8 202.6 -17.8 4.16E-05 001.0 202.6 -17.8 0.000366 0.000152 0.000127 OPRM 11-Aug 2021 10:36 
TT 560 151.8 -07.2 151.8 -07.2 6.79E-05 001.0 151.8 -07.2 0.000594 0.000318 0.000085 OPRM 12-Aug 2021 09:30 
TT 560 153.3 -10.5 153.3 -10.5 7.01E-05 001.0 153.3 -10.5 0.000616 0.000310 0.000128 OPRM 12-Aug 2021 09:43 
TT 560 150.5 -08.5 150.5 -08.5 7.13E-05 001.0 150.5 -08.5 0.000614 0.000347 0.000105 OPRM 12-Aug 2021 09:45 
TT 566 235.9 -27.8 235.9 -27.8 2.66E-05 001.0 235.9 -27.8 0.000132 0.000195 0.000124 OPRM 12-Aug 2021 16:39 
TT 566 234.5 -28.5 234.5 -28.5 2.74E-05 001.0 234.5 -28.5 0.000140 0.000196 0.000131 OPRM 12-Aug 2021 16:41 
TT 566 234.5 -28.5 234.5 -28.5 2.73E-05 001.0 234.5 -28.5 0.000139 0.000195 0.000130 OPRM 12-Aug 2021 16:42 
TT 570 154.7 -01.9 154.7 -01.9 5.65E-05 001.0 154.7 -01.9 0.000510 0.000241 0.000019 OPRM 13-Aug 2021 10:39 
TT 570 153.2 -01.9 153.2 -01.9 5.47E-05 001.0 153.2 -01.9 0.000488 0.000247 0.000019 OPRM 13-Aug 2021 10:41 
TT 570 153.1 -03.0 153.1 -03.0 5.57E-05 001.0 153.1 -03.0 0.000496 0.000252 0.000029 OPRM 13-Aug 2021 10:42 
