CS3-1a
    0.0   0.0   0.0   0.0   0.0   1.0
TT 100 082.0  72.3 082.0  72.3 4.83E-03 001.0 082.0  72.3 0.002050 0.014500 0.046000 OPRM 9-Jul 2021 17:51 
TT 100 079.9  72.9 079.9  72.9 4.67E-03 001.0 079.9  72.9 0.002410 0.013500 0.044700 OPRM 9-Jul 2021 17:52 
TT 100 078.6  71.8 078.6  71.8 4.67E-03 001.0 078.6  71.8 0.002880 0.014300 0.044400 OPRM 9-Jul 2021 17:54 
TT 150 072.2  71.2 072.2  71.2 2.60E-03 001.0 072.2  71.2 0.002560 0.007970 0.024600 OPRM 19-Jul 2021 16:27 
TT 150 073.7  71.9 073.7  71.9 2.68E-03 001.0 073.7  71.9 0.002340 0.007990 0.025500 OPRM 19-Jul 2021 16:29 
TT 150 074.4  72.5 074.4  72.5 2.69E-03 001.0 074.4  72.5 0.002160 0.007760 0.025600 OPRM 19-Jul 2021 16:30 
TT 200 074.5  69.6 074.5  69.6 2.04E-03 001.0 074.5  69.6 0.001910 0.006880 0.019200 OPRM 19-Jul 2021 18:35 
TT 200 074.3  72.1 074.3  72.1 2.22E-03 001.0 074.3  72.1 0.001850 0.006600 0.021200 OPRM 19-Jul 2021 18:36 
TT 200 071.3  72.1 071.3  72.1 2.13E-03 001.0 071.3  72.1 0.002110 0.006220 0.020300 OPRM 19-Jul 2021 18:37 
TT 250 079.8  70.2 079.8  70.2 1.31E-03 001.0 079.8  70.2 0.000784 0.004360 0.012300 OPRM 20-Jul 2021 16:43 
TT 250 077.2  70.6 077.2  70.6 1.35E-03 001.0 077.2  70.6 0.000994 0.004360 0.012700 OPRM 20-Jul 2021 16:46 
TT 250 073.4  70.5 073.4  70.5 1.29E-03 001.0 073.4  70.5 0.001220 0.004100 0.012100 OPRM 20-Jul 2021 16:48 
TT 300 083.4  69.9 083.4  69.9 1.09E-03 001.0 083.4  69.9 0.000432 0.003710 0.010200 OPRM 21-Jul 2021 09:01 
TT 300 087.6  69.7 087.6  69.7 1.10E-03 001.0 087.6  69.7 0.000156 0.003800 0.010300 OPRM 21-Jul 2021 09:03 
TT 300 084.5  70.7 084.5  70.7 1.08E-03 001.0 084.5  70.7 0.000342 0.003560 0.010200 OPRM 21-Jul 2021 09:04 
TT 350 090.6  68.9 090.6  68.9 8.66E-04 001.0 090.6  68.9 0.000032 0.003110 0.008080 OPRM 22-Jul 2021 12:10 
TT 350 088.0  68.4 088.0  68.4 8.90E-04 001.0 088.0  68.4 0.000117 0.003270 0.008280 OPRM 22-Jul 2021 12:12 
TT 350 089.0  68.3 089.0  68.3 8.78E-04 001.0 089.0  68.3 0.000059 0.003240 0.008160 OPRM 22-Jul 2021 12:13 
TT 375 094.0  68.8 094.0  68.8 8.35E-04 001.0 094.0  68.8 0.000209 0.003010 0.007780 OPRM 23-Jul 2021 14:25 
TT 375 090.5  69.9 090.5  69.9 7.86E-04 001.0 090.5  69.9 0.000023 0.002700 0.007380 OPRM 23-Jul 2021 14:26 
TT 375 090.1  69.9 090.1  69.9 7.82E-04 001.0 090.1  69.9 0.000007 0.002690 0.007340 OPRM 23-Jul 2021 14:28 
TT 400 094.2  70.7 094.2  70.7 7.26E-04 001.0 094.2  70.7 0.000177 0.002390 0.006860 OPRM 24-Jul 2021 13:37 
TT 400 090.4  70.5 090.4  70.5 6.92E-04 001.0 090.4  70.5 0.000016 0.002310 0.006520 OPRM 24-Jul 2021 13:38 
TT 400 090.3  71.9 090.3  71.9 6.59E-04 001.0 090.3  71.9 0.000009 0.002050 0.006260 OPRM 24-Jul 2021 13:40 
TT 425 089.9  70.3 089.9  70.3 6.17E-04 001.0 089.9  70.3 0.000004 0.002080 0.005810 OPRM 25-Jul 2021 09:59 
TT 425 089.8  68.5 089.8  68.5 6.01E-04 001.0 089.8  68.5 0.000009 0.002200 0.005590 OPRM 25-Jul 2021 10:00 
TT 425 092.9  68.0 092.9  68.0 5.92E-04 001.0 092.9  68.0 0.000111 0.002220 0.005490 OPRM 25-Jul 2021 10:02 
TT 450 094.9  68.5 094.9  68.5 5.31E-04 001.0 094.9  68.5 0.000165 0.001940 0.004940 OPRM 26-Jul 2021 18:22 
TT 450 096.3  68.9 096.3  68.9 5.09E-04 001.0 096.3  68.9 0.000200 0.001820 0.004740 OPRM 26-Jul 2021 18:24 
TT 450 095.7  68.7 095.7  68.7 5.21E-04 001.0 095.7  68.7 0.000186 0.001880 0.004850 OPRM 26-Jul 2021 18:25 
TT 475 091.2  67.1 091.2  67.1 4.44E-04 001.0 091.2  67.1 0.000037 0.001730 0.004090 OPRM 3-Aug 2021 08:47 
TT 475 086.7  66.2 086.7  66.2 4.44E-04 001.0 086.7  66.2 0.000103 0.001790 0.004060 OPRM 3-Aug 2021 08:48 
TT 475 090.8  68.3 090.8  68.3 4.35E-04 001.0 090.8  68.3 0.000024 0.001610 0.004040 OPRM 3-Aug 2021 08:49 
TT 500 094.9  66.2 094.9  66.2 4.03E-04 001.0 094.9  66.2 0.000138 0.001620 0.003680 OPRM 3-Aug 2021 14:05 
TT 500 091.8  66.2 091.8  66.2 4.02E-04 001.0 091.8  66.2 0.000051 0.001620 0.003680 OPRM 3-Aug 2021 14:10 
TT 500 087.8  66.3 087.8  66.3 4.08E-04 001.0 087.8  66.3 0.000063 0.001640 0.003740 OPRM 3-Aug 2021 14:11 
TT 515 089.0  68.3 089.0  68.3 3.30E-04 001.0 089.0  68.3 0.000021 0.001220 0.003070 OPRM 6-Aug 2021 10:22 
TT 515 091.1  67.0 091.1  67.0 3.30E-04 001.0 091.1  67.0 0.000026 0.001290 0.003040 OPRM 6-Aug 2021 10:23 
TT 515 086.9  68.2 086.9  68.2 3.23E-04 001.0 086.9  68.2 0.000066 0.001200 0.003000 OPRM 6-Aug 2021 10:25 
TT 530 089.8  65.0 089.8  65.0 2.75E-04 001.0 089.8  65.0 0.000005 0.001160 0.002490 OPRM 6-Aug 2021 12:49 
TT 530 088.8  64.9 088.8  64.9 2.72E-04 001.0 088.8  64.9 0.000023 0.001150 0.002460 OPRM 6-Aug 2021 12:54 
TT 530 089.9  65.3 089.9  65.3 2.82E-04 001.0 089.9  65.3 0.000002 0.001180 0.002560 OPRM 6-Aug 2021 12:59 
TT 540 095.2  59.0 095.2  59.0 2.32E-04 001.0 095.2  59.0 0.000109 0.001190 0.001990 OPRM 10-Aug 2021 12:08 
TT 540 096.8  56.7 096.8  56.7 2.31E-04 001.0 096.8  56.7 0.000150 0.001260 0.001930 OPRM 10-Aug 2021 12:09 
TT 540 091.3  57.5 091.3  57.5 2.32E-04 001.0 091.3  57.5 0.000028 0.001250 0.001960 OPRM 10-Aug 2021 12:11 
TT 550 081.8  21.6 081.8  21.6 1.18E-04 001.0 081.8  21.6 0.000155 0.001080 0.000433 OPRM 11-Aug 2021 10:38 
TT 550 071.2  17.9 071.2  17.9 1.17E-04 001.0 071.2  17.9 0.000360 0.001060 0.000362 OPRM 11-Aug 2021 10:57 
TT 550 079.4  22.3 079.4  22.3 1.18E-04 001.0 079.4  22.3 0.000201 0.001070 0.000446 OPRM 11-Aug 2021 11:01 
TT 560 070.1  58.3 070.1  58.3 1.92E-04 001.0 070.1  58.3 0.000343 0.000947 0.001630 OPRM 12-Aug 2021 09:48 
TT 560 072.2  56.9 072.2  56.9 1.87E-04 001.0 072.2  56.9 0.000312 0.000973 0.001570 OPRM 12-Aug 2021 09:49 
TT 560 070.5  57.3 070.5  57.3 1.88E-04 001.0 070.5  57.3 0.000339 0.000958 0.001580 OPRM 12-Aug 2021 09:50 
TT 566 099.9  53.7 099.9  53.7 1.72E-04 001.0 099.9  53.7 0.000174 0.001000 0.001380 OPRM 12-Aug 2021 16:35 
TT 566 100.8  53.9 100.8  53.9 1.80E-04 001.0 100.8  53.9 0.000199 0.001040 0.001450 OPRM 12-Aug 2021 16:36 
TT 566 100.6  53.9 100.6  53.9 1.65E-04 001.0 100.6  53.9 0.000179 0.000953 0.001330 OPRM 12-Aug 2021 16:38 
TT 570 075.9  61.2 075.9  61.2 1.96E-04 001.0 075.9  61.2 0.000231 0.000918 0.001720 OPRM 13-Aug 2021 10:48 
TT 570 067.3  61.8 067.3  61.8 1.99E-04 001.0 067.3  61.8 0.000364 0.000869 0.001760 OPRM 13-Aug 2021 10:49 
TT 570 073.6  61.5 073.6  61.5 1.89E-04 001.0 073.6  61.5 0.000254 0.000864 0.001660 OPRM 13-Aug 2021 10:50 
