CS7-1a
    0.0   0.0   0.0   0.0   0.0   1.0
TT 450 357.5  64.6 357.5  64.6 3.10E-05 001.0 357.5  64.6 0.000133 0.000006 0.000280 OPRM 8-Jun 2021 09:20 
TT 450 359.8  64.8 359.8  64.8 3.15E-05 001.0 359.8  64.8 0.000134 0.000001 0.000285 OPRM 8-Jun 2021 09:48 
TT 450 000.1  64.6 000.1  64.6 3.18E-05 001.0 000.1  64.6 0.000136 0.000000 0.000287 OPRM 8-Jun 2021 09:50 
TT 475 354.5  63.2 354.5  63.2 2.77E-05 001.0 354.5  63.2 0.000124 0.000012 0.000247 OPRM 8-Jun 2021 15:12 
TT 475 358.4  63.1 358.4  63.1 2.85E-05 001.0 358.4  63.1 0.000129 0.000004 0.000254 OPRM 8-Jun 2021 16:13 
TT 500 353.1  61.7 353.1  61.7 2.27E-05 001.0 353.1  61.7 0.000107 0.000013 0.000200 OPRM 9-Jun 2021 11:23 
TT 500 355.7  64.9 355.7  64.9 1.99E-05 001.0 355.7  64.9 0.000084 0.000006 0.000180 OPRM 9-Jun 2021 11:43 
TT 500 356.6  60.0 356.6  60.0 2.26E-05 001.0 356.6  60.0 0.000113 0.000007 0.000196 OPRM 9-Jun 2021 11:47 
TT 515 353.1  59.2 353.1  59.2 2.14E-05 001.0 353.1  59.2 0.000109 0.000013 0.000184 OPRM 10-Jun 2021 10:16 
TT 515 356.6  58.9 356.6  58.9 2.09E-05 001.0 356.6  58.9 0.000108 0.000006 0.000179 OPRM 10-Jun 2021 10:18 
TT 515 352.4  59.2 352.4  59.2 2.05E-05 001.0 352.4  59.2 0.000104 0.000014 0.000176 OPRM 10-Jun 2021 10:20 
TT 530 359.5  59.7 359.5  59.7 1.90E-05 001.0 359.5  59.7 0.000096 0.000001 0.000164 OPRM 14-Jun 2021 09:29 
TT 530 004.0  59.1 004.0  59.1 1.90E-05 001.0 004.0  59.1 0.000097 0.000007 0.000163 OPRM 14-Jun 2021 09:30 
TT 530 355.6  58.5 355.6  58.5 1.87E-05 001.0 355.6  58.5 0.000098 0.000008 0.000160 OPRM 14-Jun 2021 09:33 
TT 540 353.4  58.2 353.4  58.2 1.75E-05 001.0 353.4  58.2 0.000091 0.000011 0.000148 OPRM 15-Jun 2021 10:14 
TT 540 350.0  58.2 350.0  58.2 1.78E-05 001.0 350.0  58.2 0.000092 0.000016 0.000151 OPRM 15-Jun 2021 10:16 
TT 540 355.4  57.7 355.4  57.7 1.75E-05 001.0 355.4  57.7 0.000093 0.000008 0.000148 OPRM 15-Jun 2021 10:24 
TT 550 000.8  60.6 000.8  60.6 1.23E-05 001.0 000.8  60.6 0.000060 0.000001 0.000107 OPRM 16-Jun 2021 11:59 
TT 550 360.0  55.5 360.0  55.5 1.40E-05 001.0 360.0  55.5 0.000079 0.000000 0.000115 OPRM 16-Jun 2021 12:02 
TT 550 358.8  55.5 358.8  55.5 1.47E-05 001.0 358.8  55.5 0.000083 0.000002 0.000121 OPRM 16-Jun 2021 12:04 
TT 560 356.6  56.2 356.6  56.2 1.31E-05 001.0 356.6  56.2 0.000073 0.000004 0.000109 OPRM 17-Jun 2021 09:59 
TT 560 358.1  55.7 358.1  55.7 1.27E-05 001.0 358.1  55.7 0.000072 0.000002 0.000105 OPRM 17-Jun 2021 10:01 
TT 560 356.7  55.3 356.7  55.3 1.31E-05 001.0 356.7  55.3 0.000075 0.000004 0.000108 OPRM 17-Jun 2021 10:02 
TT 565 355.3  58.2 355.3  58.2 1.11E-05 001.0 355.3  58.2 0.000058 0.000005 0.000094 OPRM 18-Jun 2021 09:28 
TT 565 357.6  58.0 357.6  58.0 1.11E-05 001.0 357.6  58.0 0.000058 0.000002 0.000094 OPRM 18-Jun 2021 09:30 
TT 565 354.3  59.2 354.3  59.2 1.12E-05 001.0 354.3  59.2 0.000057 0.000006 0.000096 OPRM 18-Jun 2021 09:32 
TT 568 351.1  59.4 351.1  59.4 1.02E-05 001.0 351.1  59.4 0.000051 0.000008 0.000088 OPRM 21-Jun 2021 10:37 
TT 568 348.4  58.3 348.4  58.3 9.58E-06 001.0 348.4  58.3 0.000049 0.000010 0.000082 OPRM 21-Jun 2021 10:39 
TT 568 350.5  59.2 350.5  59.2 9.56E-06 001.0 350.5  59.2 0.000048 0.000008 0.000082 OPRM 21-Jun 2021 10:41 
TT 574 008.5  55.7 008.5  55.7 7.83E-06 001.0 008.5  55.7 0.000044 0.000007 0.000065 OPRM 8-Jul 2021 11:45 
TT 574 011.1  54.2 011.1  54.2 7.55E-06 001.0 011.1  54.2 0.000043 0.000008 0.000061 OPRM 8-Jul 2021 11:47 
TT 574 008.0  55.4 008.0  55.4 7.55E-06 001.0 008.0  55.4 0.000043 0.000006 0.000062 OPRM 8-Jul 2021 11:49 
TT 576 320.1  60.1 320.1  60.1 5.68E-06 001.0 320.1  60.1 0.000022 0.000018 0.000049 OPRM 9-Jul 2021 10:46 
TT 576 315.8  57.6 315.8  57.6 4.97E-06 001.0 315.8  57.6 0.000019 0.000019 0.000042 OPRM 9-Jul 2021 11:25 
TT 576 311.2  55.2 311.2  55.2 4.71E-06 001.0 311.2  55.2 0.000018 0.000020 0.000039 OPRM 9-Jul 2021 11:27 
TT 579 342.4  59.9 342.4  59.9 4.63E-06 001.0 342.4  59.9 0.000022 0.000007 0.000040 OPRM 19-Jul 2021 11:10 
TT 579 337.6  61.7 337.6  61.7 4.54E-06 001.0 337.6  61.7 0.000020 0.000008 0.000040 OPRM 19-Jul 2021 11:17 
TT 579 336.8  57.1 336.8  57.1 4.05E-06 001.0 336.8  57.1 0.000020 0.000009 0.000034 OPRM 19-Jul 2021 11:18 
TT 582 186.5  35.2 186.5  35.2 2.43E-06 001.0 186.5  35.2 0.000020 0.000002 0.000014 OPRM 19-Jul 2021 17:25 
TT 582 188.9  34.7 188.9  34.7 2.59E-06 001.0 188.9  34.7 0.000021 0.000003 0.000015 OPRM 19-Jul 2021 17:27 
TT 582 191.7  33.1 191.7  33.1 2.58E-06 001.0 191.7  33.1 0.000021 0.000004 0.000014 OPRM 19-Jul 2021 17:29 
TT 585 222.1  37.5 222.1  37.5 3.35E-06 001.0 222.1  37.5 0.000020 0.000018 0.000020 OPRM 21-Jul 2021 07:04 
TT 585 221.7  34.1 221.7  34.1 3.30E-06 001.0 221.7  34.1 0.000020 0.000018 0.000019 OPRM 21-Jul 2021 07:06 
TT 585 224.1  34.0 224.1  34.0 3.27E-06 001.0 224.1  34.0 0.000019 0.000019 0.000018 OPRM 21-Jul 2021 07:07 
