CS8-1a
    0.0   0.0   0.0   0.0   0.0   1.0
TT 450 018.0  50.2 018.0  50.2 3.43E-05 001.0 018.0  50.2 0.000209 0.000068 0.000264 OPRM 8-Jun 2021 09:33 
TT 450 022.3  48.7 022.3  48.7 3.52E-05 001.0 022.3  48.7 0.000215 0.000088 0.000265 OPRM 8-Jun 2021 09:35 
TT 450 019.2  50.4 019.2  50.4 3.49E-05 001.0 019.2  50.4 0.000210 0.000073 0.000269 OPRM 8-Jun 2021 09:37 
TT 450 022.2  51.2 022.2  51.2 3.62E-05 001.0 022.2  51.2 0.000210 0.000086 0.000282 OPRM 8-Jun 2021 09:39 
TT 475 017.6  49.0 017.6  49.0 3.21E-05 001.0 017.6  49.0 0.000201 0.000064 0.000243 OPRM 8-Jun 2021 15:14 
TT 475 018.9  48.0 018.9  48.0 3.27E-05 001.0 018.9  48.0 0.000207 0.000071 0.000243 OPRM 8-Jun 2021 16:08 
TT 500 007.8  48.4 007.8  48.4 2.97E-05 001.0 007.8  48.4 0.000195 0.000027 0.000222 OPRM 9-Jun 2021 11:27 
TT 500 018.3  47.3 018.3  47.3 3.01E-05 001.0 018.3  47.3 0.000194 0.000064 0.000221 OPRM 9-Jun 2021 11:35 
TT 500 009.1  47.7 009.1  47.7 3.05E-05 001.0 009.1  47.7 0.000202 0.000032 0.000225 OPRM 9-Jun 2021 11:41 
TT 515 008.1  48.3 008.1  48.3 2.75E-05 001.0 008.1  48.3 0.000181 0.000026 0.000205 OPRM 10-Jun 2021 10:22 
TT 515 004.5  46.6 004.5  46.6 2.85E-05 001.0 004.5  46.6 0.000195 0.000016 0.000207 OPRM 10-Jun 2021 10:23 
TT 515 011.0  47.5 011.0  47.5 2.81E-05 001.0 011.0  47.5 0.000186 0.000036 0.000207 OPRM 10-Jun 2021 10:25 
TT 530 008.3  41.7 008.3  41.7 3.03E-05 001.0 008.3  41.7 0.000224 0.000033 0.000202 OPRM 14-Jun 2021 09:35 
TT 530 014.5  47.1 014.5  47.1 2.75E-05 001.0 014.5  47.1 0.000182 0.000047 0.000202 OPRM 14-Jun 2021 09:39 
TT 530 009.2  48.1 009.2  48.1 2.49E-05 001.0 009.2  48.1 0.000164 0.000027 0.000185 OPRM 14-Jun 2021 09:41 
TT 540 003.7  50.1 003.7  50.1 1.83E-05 001.0 003.7  50.1 0.000117 0.000008 0.000140 OPRM 15-Jun 2021 10:27 
TT 540 005.8  50.3 005.8  50.3 1.87E-05 001.0 005.8  50.3 0.000119 0.000012 0.000144 OPRM 15-Jun 2021 10:29 
TT 540 009.5  50.1 009.5  50.1 1.87E-05 001.0 009.5  50.1 0.000118 0.000020 0.000143 OPRM 15-Jun 2021 10:32 
TT 540 010.1  47.5 010.1  47.5 1.93E-05 001.0 010.1  47.5 0.000129 0.000023 0.000143 OPRM 15-Jun 2021 10:34 
TT 550 007.9  45.6 007.9  45.6 1.47E-05 001.0 007.9  45.6 0.000102 0.000014 0.000105 OPRM 16-Jun 2021 12:06 
TT 550 012.9  46.3 012.9  46.3 1.39E-05 001.0 012.9  46.3 0.000094 0.000022 0.000101 OPRM 16-Jun 2021 12:07 
TT 550 010.2  44.0 010.2  44.0 1.45E-05 001.0 010.2  44.0 0.000103 0.000019 0.000101 OPRM 16-Jun 2021 12:09 
TT 560 009.7  67.6 009.7  67.6 4.55E-06 001.0 009.7  67.6 0.000017 0.000003 0.000042 OPRM 17-Jun 2021 10:05 
TT 560 008.1  48.7 008.1  48.7 5.95E-06 001.0 008.1  48.7 0.000039 0.000006 0.000045 OPRM 17-Jun 2021 10:08 
TT 560 007.5  48.7 007.5  48.7 5.99E-06 001.0 007.5  48.7 0.000039 0.000005 0.000045 OPRM 17-Jun 2021 10:11 
TT 565 001.2  47.4 001.2  47.4 2.54E-06 001.0 001.2  47.4 0.000017 0.000000 0.000019 OPRM 18-Jun 2021 09:34 
TT 565 001.2  50.7 001.2  50.7 2.40E-06 001.0 001.2  50.7 0.000015 0.000000 0.000019 OPRM 18-Jun 2021 09:35 
TT 565 007.9  49.3 007.9  49.3 2.34E-06 001.0 007.9  49.3 0.000015 0.000002 0.000018 OPRM 18-Jun 2021 09:39 
TT 568 021.3  40.8 021.3  40.8 1.58E-06 001.0 021.3  40.8 0.000011 0.000004 0.000010 OPRM 21-Jun 2021 10:42 
TT 568 020.1  42.1 020.1  42.1 1.51E-06 001.0 020.1  42.1 0.000010 0.000004 0.000010 OPRM 21-Jun 2021 10:43 
TT 568 023.0  41.3 023.0  41.3 1.55E-06 001.0 023.0  41.3 0.000011 0.000005 0.000010 OPRM 21-Jun 2021 10:45 
TT 574 168.9  66.4 168.9  66.4 1.74E-07 001.0 168.9  66.4 0.000001 0.000000 0.000002 OPRM 8-Jul 2021 11:50 
TT 574 006.9  57.8 006.9  57.8 1.70E-07 001.0 006.9  57.8 0.000001 0.000000 0.000001 OPRM 8-Jul 2021 11:52 
TT 574 106.2  57.1 106.2  57.1 2.55E-07 001.0 106.2  57.1 0.000000 0.000001 0.000002 OPRM 8-Jul 2021 11:53 
