CS1- 1 mag compass orientation (IGRF corrected)
    1.9 183.3  79.0  41.0  23.8   1.0
NRM    348.7  56.1 029.6  69.7 4.20E-04 001.1 212.6  01.2 0.165129 0.502942 0.650363 hargrave 2021-07-08 14:17:09 
TT 100 346.8  56.8 029.0  70.9 4.13E-04 001.0 211.6  00.4 0.245703 0.391447 0.545442 hargrave 2021-07-09 13:34:13 
TT 150 345.9  56.8 027.9  71.2 4.01E-04 000.9 211.5 -00.0 0.260826 0.282339 0.560667 hargrave 2021-07-19 14:22:40 
TT 200 342.7  53.3 016.8  69.9 3.32E-04 000.9 214.0 -03.0 0.081445 0.149084 0.479108 hargrave 2021-07-20 10:19:28 
TT 250 338.3  56.5 017.2  73.9 3.11E-04 004.1 210.1 -04.0 1.092471 1.880025 0.436420 hargrave 2021-07-20 16:20:14 
TT 300 334.9  55.8 010.0  74.6 2.67E-04 002.6 209.8 -06.0 0.604568 0.993629 0.418077 hargrave 2021-07-21 13:35:48 
TT 350 326.5  55.4 352.9  76.9 1.82E-04 000.9 207.5 -10.2 0.139135 0.063531 0.280544 hargrave 2021-07-22 11:59:49 
TT 375 317.7  56.8 332.8  80.1 1.62E-04 006.0 203.1 -13.0 0.630172 1.566197 0.249254 hargrave 2021-07-22 17:47:48 
TT 400 318.9  54.7 333.3  77.9 1.53E-04 001.7 205.2 -13.9 0.259868 0.327469 0.230734 hargrave 2021-07-23 19:43:05 
TT 425 321.1  52.5 336.2  75.4 1.45E-04 001.8 207.8 -14.5 0.178004 0.375820 0.239139 hargrave 2021-07-25 09:55:28 
TT 450 317.7  53.5 328.7  76.9 1.32E-04 005.2 205.6 -15.3 0.572165 1.028462 0.213213 hargrave 2021-07-27 09:52:04 
TT 475 312.6  55.6 315.9  79.4 1.25E-04 003.4 201.8 -15.7 0.293977 0.666363 0.211105 hargrave 2021-07-28 16:29:47 
TT 500 313.4  54.7 317.9  78.5 1.21E-04 001.9 202.8 -16.1 0.110236 0.328946 0.219076 hargrave 2021-08-03 12:17:44 
TT 515 316.1  54.2 325.2  77.8 1.18E-04 004.5 204.3 -15.4 0.330220 0.851502 0.196046 hargrave 2021-08-04 12:10:56 
TT 530 311.3  56.0 312.1  79.8 1.15E-04 001.4 201.0 -15.9 0.100377 0.163708 0.202117 hargrave 2021-08-06 15:08:47 
TT 540 305.5  58.3 290.5  81.7 1.07E-04 001.2 196.9 -15.9 0.075675 0.125155 0.185710 hargrave 2021-08-09 15:52:02 
TT 550 315.6  53.7 323.4  77.3 1.08E-04 003.4 204.4 -16.0 0.279410 0.564984 0.188133 hargrave 2021-08-10 17:39:42 
TT 560 309.5  56.1 306.3  79.8 9.85E-05 001.4 200.1 -16.5 0.141234 0.163089 0.165535 hargrave 2021-08-11 14:28:26 
TT 566 311.3  56.0 311.9  79.8 9.92E-05 001.5 201.0 -15.9 0.110021 0.184169 0.162989 hargrave 2021-08-12 14:30:48 
TT 570 301.5  59.8 272.7  82.3 8.18E-05 001.8 194.3 -15.7 0.074523 0.199528 0.155505 hargrave 2021-08-13 12:50:55 
