CS2- 1 mag compass orientation (IGRF corrected)
    0.4 279.2  91.0  12.1  22.5   1.0
NRM    315.5  59.9 000.8  73.6 1.33E-04 001.0 154.8 -18.2 0.136504 0.190170 0.118415 hargrave 2021-07-08 14:27:00 
TT 100 320.6  64.5 019.5  74.3 1.17E-04 004.3 160.3 -17.5 0.335433 0.810440 0.090460 hargrave 2021-07-09 13:44:49 
TT 150 305.3  58.8 343.2  76.5 9.51E-05 004.4 151.3 -14.1 0.235419 0.706586 0.075811 hargrave 2021-07-19 14:34:04 
TT 200 298.9  51.8 317.9  72.3 8.38E-05 003.2 143.3 -12.8 0.316505 0.329286 0.089772 hargrave 2021-07-20 10:32:26 
TT 250 299.0  54.3 321.6  74.5 8.00E-05 002.4 145.8 -12.2 0.165045 0.291807 0.073139 hargrave 2021-07-20 16:33:08 
TT 300 300.4  56.3 328.1  76.0 7.53E-05 002.2 148.0 -12.4 0.101435 0.274380 0.071694 hargrave 2021-07-21 13:47:32 
TT 350 300.9  58.0 332.9  77.3 7.06E-05 001.0 149.7 -12.2 0.080591 0.095411 0.073743 hargrave 2021-07-22 12:09:54 
TT 375 298.6  57.5 327.1  77.5 6.68E-05 001.4 148.9 -11.1 0.065955 0.144789 0.063724 hargrave 2021-07-22 17:58:44 
TT 400 301.1  59.8 338.3  78.7 6.21E-05 001.4 151.5 -11.7 0.050438 0.146930 0.060045 hargrave 2021-07-23 19:53:47 
TT 425 302.4  61.2 345.9  79.3 5.98E-05 003.0 153.1 -11.8 0.113250 0.295660 0.066098 hargrave 2021-07-25 10:06:30 
TT 450 299.0  55.7 324.0  75.8 5.76E-05 001.0 147.2 -11.8 0.096019 0.085807 0.058314 hargrave 2021-07-27 10:03:22 
TT 475 300.7  58.5 334.0  77.8 5.51E-05 001.7 150.2 -11.9 0.107012 0.146888 0.051940 hargrave 2021-07-28 16:40:21 
TT 500 302.7  60.0 342.3  78.3 5.24E-05 002.8 152.0 -12.4 0.179810 0.218225 0.049836 hargrave 2021-08-03 12:29:11 
TT 515 309.0  63.0 002.9  78.0 4.81E-05 001.9 156.0 -13.9 0.057402 0.165894 0.048014 hargrave 2021-08-04 12:22:15 
TT 530 302.9  67.6 022.3  82.1 5.01E-05 001.0 159.2 -09.7 0.096041 0.058124 0.048118 hargrave 2021-08-06 15:19:37 
TT 540 292.9  70.2 051.4  85.3 5.34E-05 000.8 160.6 -05.5 0.092442 0.043099 0.049663 hargrave 2021-08-09 16:02:33 
TT 550 056.6  70.2 079.4  51.1 2.96E-05 001.8 194.9 -14.2 0.059121 0.084420 0.036226 hargrave 2021-08-10 17:49:35 
TT 560 293.5  63.0 334.0  83.5 4.77E-05 002.8 153.7 -07.3 0.130799 0.204518 0.047702 hargrave 2021-08-11 14:38:26 
TT 566 067.3  47.3 076.2  27.8 2.17E-05 004.3 218.3 -21.7 0.087870 0.142628 0.033369 hargrave 2021-08-12 14:41:30 
TT 570 278.3  65.2 247.0  87.2 3.59E-05 001.0 155.2 -00.5 0.049270 0.067795 0.039657 hargrave 2021-08-13 13:01:44 
