CS7- 1 sun compass orientation
    0.9  61.1  28.0   0.0   0.0   1.0
NRM    359.2  50.3 359.2  50.3 9.90E-05 000.9 065.6  70.7 0.048466 0.149508 0.047466 hargrave 2021-04-26 14:01:50 
TT 100 352.8  48.8 352.8  48.8 7.92E-05 001.4 052.5  72.1 0.087916 0.163399 0.047056 hargrave 2021-04-28 14:28:03 
TT 150 350.5  47.7 350.5  47.7 6.52E-05 001.2 046.3  72.0 0.079068 0.101152 0.053160 hargrave 2021-05-20 13:46:50 
TT 200 347.3  45.6 347.3  45.6 5.38E-05 001.7 037.1  71.2 0.125080 0.097882 0.041583 hargrave 2021-05-21 08:49:52 
TT 250 339.7  41.8 339.7  41.8 4.50E-05 005.3 018.3  69.1 0.349288 0.276543 0.034065 hargrave 2021-05-21 14:52:09 
TT 300 342.0  42.6 342.0  42.6 3.93E-05 002.1 023.5  69.5 0.070286 0.120435 0.053885 hargrave 2021-05-27 12:21:41 
TT 350 341.0  40.9 341.0  40.9 3.41E-05 001.8 020.4  68.0 0.091027 0.046330 0.032226 hargrave 2021-05-28 08:39:07 
TT 375 340.3  40.1 340.3  40.1 3.10E-05 002.2 018.5  67.4 0.058769 0.100772 0.022033 hargrave 2021-05-28 16:21:57 
TT 400 336.5  38.9 336.5  38.9 2.72E-05 002.4 010.7  66.7 0.062082 0.090524 0.024170 hargrave 2021-05-31 17:01:52 
TT 400 336.2  39.0 336.2  39.0 2.72E-05 002.1 010.1  66.8 0.061966 0.078969 0.020941 hargrave 2021-05-31 18:46:53 
TT 425 336.8  37.1 336.8  37.1 2.37E-05 001.9 010.8  64.8 0.060458 0.051289 0.021098 hargrave 2021-06-01 14:01:55 
TT 425 336.9  37.2 336.9  37.2 2.37E-05 001.9 011.0  64.9 0.055753 0.054123 0.019494 hargrave 2021-06-01 15:46:16 
TT 450 332.6  35.6 332.6  35.6 2.06E-05 001.5 002.7  63.6 0.045577 0.020815 0.025781 hargrave 2021-06-07 15:30:00 
TT 475 333.2  34.4 333.2  34.4 1.85E-05 002.9 003.7  62.4 0.049385 0.077255 0.023057 hargrave 2021-06-08 13:40:50 
TT 500 332.4  32.1 332.4  32.1 1.55E-05 002.5 002.3  60.0 0.043949 0.048760 0.021789 hargrave 2021-06-09 08:45:59 
TT 515 329.5  31.0 329.5  31.0 1.42E-05 002.6 357.3  59.0 0.038588 0.051187 0.015667 hargrave 2021-06-09 17:18:54 
TT 530 332.5  30.7 332.5  30.7 1.29E-05 002.2 002.4  58.7 0.036681 0.028735 0.018249 hargrave 2021-06-10 18:06:30 
TT 540 330.5  30.0 330.5  30.0 1.13E-05 003.1 359.1  58.0 0.035004 0.050390 0.012981 hargrave 2021-06-14 15:55:24 
TT 550 332.7  28.7 332.7  28.7 9.77E-06 002.0 002.5  56.7 0.022585 0.027882 0.004945 hargrave 2021-06-15 15:00:00 
TT 560 336.4  27.0 336.4  27.0 8.36E-06 002.8 008.3  54.8 0.026216 0.030501 0.012804 hargrave 2021-06-16 16:23:35 
TT 565 337.1  31.0 337.1  31.0 6.83E-06 004.4 009.9  58.8 0.016568 0.048860 0.010923 hargrave 2021-06-17 16:28:20 
TT 568 329.6  32.0 329.6  32.0 5.71E-06 004.1 357.4  60.0 0.023501 0.024863 0.028812 hargrave 2021-06-18 14:26:34 
TT 571 338.8  37.0 338.8  37.0 5.53E-06 002.5 014.4  64.6 0.015160 0.017737 0.005912 hargrave 2021-06-21 14:45:48 
TT 574 347.1  30.7 347.1  30.7 5.00E-06 003.1 025.9  57.0 0.006211 0.027066 0.002387 hargrave 2021-07-07 16:33:33 
TT 576 319.4  44.4 319.4  44.4 2.93E-06 001.7 333.4  71.1 0.008747 0.005656 0.004324 hargrave 2021-07-08 18:37:14 
TT 579 340.2  29.9 340.2  29.9 1.62E-06 004.3 014.7  57.4 0.013250 0.005331 0.001657 hargrave 2021-07-09 18:09:33 
TT 582 175.8  49.4 175.8  49.4 1.63E-06 009.4 197.2  23.1 0.014313 0.023337 0.004540 hargrave 2021-07-19 17:32:40 
TT 582 184.8  50.8 184.8  50.8 1.51E-06 006.2 203.0  25.9 0.005937 0.015937 0.002292 hargrave 2021-07-19 19:11:32 
TT 585 208.7  56.3 208.7  56.3 1.93E-06 004.5 215.7  36.5 0.014024 0.009405 0.002946 hargrave 2021-07-21 08:52:20 
