CS8- 1 mag compass orientation (IGRF corrected)
      0  43.1  45.0   0.0   0.0   1.0
NRM    323.7  17.8 323.7  17.8 3.02E-05 003.3 021.4  61.4 0.138969 0.092408 0.054761 hargrave 2021-04-26 14:15:13 
TT 100 320.2  15.4 320.2  15.4 2.95E-05 002.0 013.6  59.8 0.092853 0.034899 0.034259 hargrave 2021-04-28 14:41:31 
TT 150 320.7  14.3 320.7  14.3 2.90E-05 001.6 014.2  58.6 0.086067 0.036365 0.018886 hargrave 2021-05-20 14:00:13 
TT 200 320.2  13.7 320.2  13.7 2.88E-05 001.5 013.2  58.1 0.064976 0.034107 0.028278 hargrave 2021-05-21 09:03:21 
TT 250 317.6  10.3 317.6  10.3 2.92E-05 007.0 007.8  55.1 0.292005 0.289011 0.038058 hargrave 2021-05-21 15:19:03 
TT 300 320.8  12.3 320.8  12.3 2.80E-05 001.9 013.9  56.7 0.073929 0.042797 0.037510 hargrave 2021-05-27 12:35:04 
TT 350 317.2  10.9 317.2  10.9 2.75E-05 001.9 007.2  55.7 0.074745 0.037098 0.041302 hargrave 2021-05-28 08:52:31 
TT 375 316.0  09.6 316.0  09.6 2.67E-05 003.5 005.0  54.5 0.079962 0.137132 0.038970 hargrave 2021-05-28 16:35:22 
TT 400 314.0  08.4 314.0  08.4 2.62E-05 002.8 001.5  53.4 0.074578 0.104019 0.027862 hargrave 2021-05-31 17:15:20 
TT 400 313.7  08.4 313.7  08.4 2.62E-05 002.6 001.0  53.4 0.073976 0.090728 0.029914 hargrave 2021-05-31 19:02:56 
TT 425 314.0  07.6 314.0  07.6 2.58E-05 001.9 001.4  52.6 0.066958 0.041992 0.042162 hargrave 2021-06-01 14:15:18 
TT 425 314.1  07.6 314.1  07.6 2.58E-05 001.9 001.6  52.5 0.066609 0.040323 0.041338 hargrave 2021-06-01 16:00:48 
TT 450 310.7  06.4 310.7  06.4 2.50E-05 001.8 356.2  51.3 0.072731 0.028921 0.029736 hargrave 2021-06-07 15:43:28 
TT 475 308.7  05.5 308.7  05.5 2.42E-05 001.8 353.1  50.3 0.065687 0.034625 0.029392 hargrave 2021-06-08 13:54:16 
TT 500 308.1  04.4 308.1  04.4 2.27E-05 002.5 352.4  49.2 0.066626 0.070370 0.030157 hargrave 2021-06-09 08:59:22 
TT 515 309.2  03.5 309.2  03.5 2.12E-05 001.7 354.2  48.4 0.054984 0.030503 0.026235 hargrave 2021-06-09 17:32:23 
TT 530 305.9  09.7 305.9  09.7 2.03E-05 001.9 347.7  54.2 0.055945 0.042067 0.015497 hargrave 2021-06-10 18:19:56 
TT 540 307.6  03.6 307.6  03.6 1.49E-05 003.6 351.7  48.3 0.054447 0.078438 0.017538 hargrave 2021-06-14 16:06:33 
TT 550 302.3  03.5 302.3  03.5 1.10E-05 003.2 343.9  47.4 0.019672 0.057390 0.018089 hargrave 2021-06-15 15:13:32 
TT 560 302.5  02.7 302.5  02.7 4.71E-06 003.7 344.4  46.6 0.010076 0.015107 0.029174 hargrave 2021-06-16 16:37:00 
TT 565 302.8  03.9 302.8  03.9 1.93E-06 004.0 344.6  48.0 0.008281 0.010622 0.003007 hargrave 2021-06-17 16:42:36 
TT 568 316.0 -03.6 316.0 -03.6 1.10E-06 008.3 003.9  41.3 0.004425 0.004316 0.020829 hargrave 2021-06-18 14:42:10 
TT 568 317.6  00.9 317.6  00.9 1.23E-06 002.9 006.4  45.7 0.004846 0.005118 0.001423 hargrave 2021-06-21 10:03:36 
TT 571 324.9  06.1 324.9  06.1 6.07E-07 004.1 018.4  49.8 0.003535 0.003625 0.001520 hargrave 2021-06-21 14:57:26 
TT 574 274.9  73.1 274.9  73.1 1.96E-07 010.0 199.2  56.9 0.002489 0.002491 0.001360 hargrave 2021-07-07 16:46:53 
