CS9- 1 mag compass orientation (IGRF corrected)
    3.3 291.1  31.0   0.0   0.0   1.0
NRM    343.3  46.9 343.3  46.9 2.43E-05 002.1 153.5  20.4 0.054204 0.075352 0.037101 hargrave 2021-04-26 14:30:59 
TT 100 316.8 -01.2 316.8 -01.2 8.95E-06 004.9 111.8 -14.0 0.057326 0.056067 0.029878 hargrave 2021-04-28 14:55:44 
TT 150 317.9 -00.2 317.9 -00.2 9.12E-06 003.1 113.3 -13.6 0.037850 0.051567 0.010938 hargrave 2021-05-20 14:15:13 
TT 200 318.3 -02.4 318.3 -02.4 8.92E-06 004.9 112.6 -15.7 0.067563 0.053021 0.014270 hargrave 2021-05-21 09:18:39 
TT 250 313.8 -04.0 313.8 -04.0 8.48E-06 003.8 107.7 -15.0 0.040344 0.050725 0.024210 hargrave 2021-05-21 15:34:06 
TT 300 317.5 -04.5 317.5 -04.5 8.05E-06 003.8 110.8 -17.2 0.031225 0.050793 0.028179 hargrave 2021-05-27 12:50:05 
TT 350 315.6 -07.7 315.6 -07.7 7.12E-06 004.3 107.5 -19.1 0.033292 0.047995 0.029173 hargrave 2021-05-28 09:06:44 
TT 375 313.4 -09.9 313.4 -09.9 6.86E-06 004.3 104.3 -19.8 0.032040 0.047689 0.026849 hargrave 2021-05-28 16:51:11 
TT 400 312.1 -11.9 312.1 -11.9 6.61E-06 004.3 102.0 -21.0 0.030771 0.046380 0.025925 hargrave 2021-05-31 17:30:23 
TT 400 311.8 -12.3 311.8 -12.3 6.59E-06 004.2 101.6 -21.1 0.030505 0.046632 0.024940 hargrave 2021-05-31 19:17:55 
TT 425 311.8 -10.9 311.8 -10.9 6.40E-06 006.0 102.3 -19.9 0.053686 0.044081 0.028591 hargrave 2021-06-01 14:31:06 
TT 425 311.4 -11.1 311.4 -11.1 6.36E-06 006.3 101.8 -19.9 0.058920 0.043886 0.030281 hargrave 2021-06-01 16:15:03 
TT 450 310.1 -11.4 310.1 -11.4 6.44E-06 001.1 100.5 -19.5 0.011084 0.013637 0.007681 hargrave 2021-06-07 15:58:28 
TT 475 309.8 -15.9 309.8 -15.9 5.72E-06 004.8 097.7 -23.2 0.037774 0.038455 0.024827 hargrave 2021-06-08 14:10:11 
TT 500 306.8 -20.5 306.8 -20.5 5.39E-06 007.3 092.3 -25.5 0.060997 0.039760 0.027842 hargrave 2021-06-09 09:13:31 
TT 515 303.8 -19.2 303.8 -19.2 5.04E-06 004.5 090.5 -22.9 0.028883 0.044231 0.026483 hargrave 2021-06-09 17:47:43 
TT 530 283.3 -24.3 283.3 -24.3 5.55E-06 007.8 070.6 -16.8 0.060733 0.063538 0.016420 hargrave 2021-06-10 18:34:58 
TT 540 300.6 -35.2 300.6 -35.2 3.94E-06 006.0 077.4 -34.3 0.024124 0.067318 0.015116 hargrave 2021-06-14 16:19:06 
TT 550 291.0 -56.1 291.0 -56.1 3.18E-06 014.7 052.4 -45.3 0.038633 0.086112 0.027945 hargrave 2021-06-15 15:28:35 
TT 550 269.5 -72.9 269.5 -72.9 3.26E-06 003.6 025.1 -49.7 0.010893 0.018404 0.024836 hargrave 2021-06-15 18:17:45 
TT 560 310.4 -32.1 310.4 -32.1 1.95E-06 014.6 087.6 -36.9 0.011538 0.085519 0.015988 hargrave 2021-06-16 16:55:07 
TT 560 167.2 -83.2 167.2 -83.2 2.00E-06 019.2 353.7 -53.2 0.011605 0.068468 0.013860 hargrave 2021-06-17 10:29:50 
TT 560 248.5 -74.7 248.5 -74.7 1.87E-06 008.1 016.7 -47.3 0.008645 0.021523 0.020530 hargrave 2021-06-17 11:45:22 
TT 565 328.3 -70.8 328.3 -70.8 1.43E-06 039.6 039.6 -65.8 0.027160 0.116121 0.010636 hargrave 2021-06-17 16:59:14 
TT 565 138.4 -64.5 138.4 -64.5 3.04E-06 010.3 328.9 -42.2 0.015988 0.055282 0.006096 hargrave 2021-06-18 09:59:08 
TT 568 022.1  06.4 022.1  06.4 1.25E-06 045.2 181.1 -24.6 0.035658 0.120062 0.022422 hargrave 2021-06-18 14:58:15 
TT 568 121.1 -31.4 121.1 -31.4 2.50E-06 011.3 295.2 -21.8 0.013312 0.055816 0.026482 hargrave 2021-06-21 10:08:35 
TT 571 352.2  10.5 352.2  10.5 2.66E-06 025.3 150.3 -16.7 0.020397 0.142564 0.023178 hargrave 2021-06-21 15:11:09 
TT 571 320.2  02.2 320.2  02.2 2.69E-06 015.5 116.5 -12.5 0.056572 0.022213 0.049819 hargrave 2021-06-22 09:11:46 
TT 574 016.6  35.5 016.6  35.5 3.30E-06 025.4 176.3  04.5 0.041435 0.147404 0.050511 hargrave 2021-07-07 17:01:33 
