OPRM standard X 
1234567   0.0   0.0   0.0   0.0   1.0
NRM    340.0 -00.6 340.0 -00.6 1.08E-03 001.0 005.8 -00.6 0.186894 0.605548 1.763628 hargrave 2021-06-02 15:23:25 
NRM    338.5 -00.6 338.5 -00.6 1.08E-03 001.8 004.3 -00.6 0.294050 2.937194 1.731948 hargrave 2021-06-02 16:15:41 
NRM    337.8 -00.6 337.8 -00.6 1.08E-03 001.0 003.6 -00.6 0.112155 0.674883 1.782666 hargrave 2021-06-02 16:24:33 
NRM    330.4  00.6 330.4  00.6 1.08E-03 001.1 356.2  00.6 0.113826 1.148750 1.763729 hargrave 2021-06-02 16:33:32 
NRM    337.0 -00.6 337.0 -00.6 1.08E-03 001.7 002.8 -00.6 0.207408 2.656785 1.721433 hargrave 2021-06-02 16:42:14 
NRM    339.1 -00.6 339.1 -00.6 1.07E-03 005.0 004.9 -00.6 0.853125 9.187887 1.783146 hargrave 2021-06-02 16:51:52 
NRM    333.1 -00.6 333.1 -00.6 1.08E-03 001.3 358.9 -00.6 0.120600 1.718863 1.727417 hargrave 2021-06-03 11:33:25 
NRM    340.9 -00.6 340.9 -00.6 1.07E-03 006.0 006.7 -00.6 1.119058 11.06068 1.757996 hargrave 2021-06-03 11:53:21 
NRM    339.9 -00.6 339.9 -00.6 1.08E-03 001.7 005.7 -00.6 0.383230 2.590842 1.762941 hargrave 2021-06-03 12:09:37 
NRM    336.3 -00.6 336.3 -00.6 1.08E-03 001.0 002.1 -00.6 0.199189 0.495676 1.726605 hargrave 2021-06-03 12:26:28 
